# a qubit is always addressed with its x and y coordinate measured in µm
# the (2i)th and (2i+1)th number are x and y coordinate, respectively.
# for moves a quadruple describes the move of one atom.
init 6 44 12 44 18 44 30 44 48 44 78 44 6 50 84 50 90 56 54 68 24 86 90 98
ry(pi/2) 6 44 12 44 18 44 30 44 48 44 78 44 6 50 84 50 90 56 54 68 24 86 90 98
rz(pi/4) 30 44 78 44
rz(pi/4) 84 50
ry(-pi/2) 6 44 12 44 18 44 30 44 48 44 78 44 6 50 84 50 90 56 54 68 24 86 90 98
move 6 44 7 43 12 44 13 43
move 7 43 25 1 13 43 27 1
move 25 1 26 0 27 1 28 0
cz 26 0 28 0
move 26 0 25 1 28 0 27 1
move 25 1 7 43 27 1 13 43
move 7 43 6 44 13 43 12 44
